{
  "framework_v2": {
    "2101": {
      "theta_mean": [-2.0214075006244268e+01, 7.9718128752590007e+02, -1.2357840196286276e+01, -6.4140522250221865e+00, 4.7051130309283565e+01, 1.0096423216831576e+01, -6.5378814651040418e-01, 0.0000000000000000e+00, -6.3831576637419900e+00],
      "theta_cov": [
        [1.0721870901433650e-02, 6.7757639160511318e-09, 6.5480199989753161e-03, 3.3986288544927772e-03, -2.4931617641565637e-02, -5.3500891370493646e-03, 8.4697717643768249e-06, 0.0000000000000000e+00, 3.3822588050042334e-03],
        [6.7757639160511343e-09, 1.0895403845743654e-01, -3.8561073293447838e-08, -1.4280480028494417e-08, -6.6918050892645433e-08, -5.5049056380314349e-08, -8.7162597255474396e-05, 0.0000000000000000e+00, -1.4189304629412374e-08],
        [6.5480199989753161e-03, -3.8561073293447845e-08, 1.0851408174380082e-01, -2.2929712183724312e-04, 1.6652234020787748e-03, 3.5771148723713354e-04, -4.8201333205695472e-05, 0.0000000000000000e+00, -2.2819705861930125e-04],
        [3.3986288544927772e-03, -1.4280480028494420e-08, -2.2929712183724315e-04, 1.0883438679611747e-01, 8.6517790981236993e-04, 1.8595621136395561e-04, -1.7850597103539024e-05, 0.0000000000000000e+00, -1.1914814945577549e-04],
        [-2.4931617641565637e-02, -6.6918050892645420e-08, 1.6652234020787748e-03, 8.6517790981237004e-04, 1.0262313168757618e-01, -1.3589813844627830e-03, -8.3647758991859576e-05, 0.0000000000000000e+00, 8.6101484628543681e-04],
        [-5.3500891370493655e-03, -5.5049056380314356e-08, 3.5771148723713354e-04, 1.8595621136395564e-04, -1.3589813844627832e-03, 1.0866232738574508e-01, -6.8811450467923165e-05, 0.0000000000000000e+00, 1.8506192851450065e-04],
        [8.4697717643768300e-06, -8.7162597255474383e-05, -4.8201333205695479e-05, -1.7850597103539024e-05, -8.3647758991859604e-05, -6.8811450467923165e-05, 8.6161837426658487e-07, 0.0000000000000000e+00, -1.7736630965316685e-05],
        [0.0000000000000000e+00, 0.0000000000000000e+00, 0.0000000000000000e+00, 0.0000000000000000e+00, 0.0000000000000000e+00, 0.0000000000000000e+00, 0.0000000000000000e+00, 1.0895410818730651e-01, 0.0000000000000000e+00],
        [3.3822588050042329e-03, -1.4189304629412374e-08, -2.2819705861930122e-04, -1.1914814945577548e-04, 8.6101484628543670e-04, 1.8506192851450065e-04, -1.7736630965316685e-05, 0.0000000000000000e+00, 1.0883553052943289e-01]
      ]
    },
    "2102": {
      "theta_mean": [-2.4529763559117026e+01, 9.5515798806564464e+02, -7.2570702318847253e+00, -3.0058571447887035e+00, 3.8810982235650890e+01, 7.9599232873631083e+00, -7.4235002327829358e-01, 0.0000000000000000e+00, -2.9877145137478807e+00],
      "theta_cov": [
        [1.3657878421312816e-02, -9.7247634959427967e-09, 4.0370943804607859e-03, 1.6721708041441388e-03, -2.1591662520665689e-02, -4.4285386068508717e-03, -1.2155975869212954e-05, 0.0000000000000000e+00, 1.6620780674600547e-03],
        [-9.7247634959427950e-09, 1.0895403845712832e-01, -3.0386878347100139e-08, -8.7655642208966442e-09, -7.9085949432455687e-08, -5.8278912050698595e-08, -8.7162503481049038e-05, 0.0000000000000000e+00, -8.6948272670217803e-09],
        [4.0370943804607850e-03, -3.0386878347100146e-08, 1.0878283702749487e-01, -7.0987118492673454e-05, 9.1497638059493368e-04, 1.8766300055403319e-04, -3.7983523109451926e-05, 0.0000000000000000e+00, -7.0558942872228845e-05],
        [1.6721708041441388e-03, -8.7655642208966442e-09, -7.0987118492673467e-05, 1.0892467584998497e-01, 3.7905295762304217e-04, 7.7749976286130664e-05, -1.0956952122833242e-05, 0.0000000000000000e+00, -2.9254870182264222e-05],
        [-2.1591662520665685e-02, -7.9085949432455673e-08, 9.1497638059493379e-04, 3.7905295762304212e-04, 1.0406149819378308e-01, -1.0035623402489494e-03, -9.8857175882771840e-05, 0.0000000000000000e+00, 3.7676551075732005e-04],
        [-4.4285386068508717e-03, -5.8278912050698595e-08, 1.8766300055403321e-04, 7.7749976286130664e-05, -1.0035623402489492e-03, 1.0874823299946697e-01, -7.2848529018157911e-05, 0.0000000000000000e+00, 7.7280814413077266e-05],
        [-1.2155975869212957e-05, -8.7162503481049038e-05, -3.7983523109451926e-05, -1.0956952122833241e-05, -9.8857175882771867e-05, -7.2848529018157898e-05, 9.7883533543351698e-07, 0.0000000000000000e+00, -1.0868530502836106e-05],
        [0.0000000000000000e+00, 0.0000000000000000e+00, 0.0000000000000000e+00, 0.0000000000000000e+00, 0.0000000000000000e+00, 0.0000000000000000e+00, 0.0000000000000000e+00, 1.0895410818730651e-01, 0.0000000000000000e+00],
        [1.6620780674600542e-03, -8.6948272670217803e-09, -7.0558942872228845e-05, -2.9254870182264222e-05, 3.7676551075732011e-04, 7.7280814413077279e-05, -1.0868530502836105e-05, 0.0000000000000000e+00, 1.0892502971382911e-01]
      ]
    },
    "2103": {
      "theta_mean": [-5.3284432350720650e+00, 5.3823721180593316e+02, -3.8268574331541614e+00, -1.5423143964755466e+00, 2.1448825546970344e+01, 4.3865955867049626e+00, -4.5048914086820002e-01, 0.0000000000000000e+00, -1.5327472799145307e+00],
      "theta_cov": [
        [5.7298143928464362e-01, -1.6352696738899619e-06, 3.4512393196938084e-03, 1.4745987656238151e-03, -1.7803398189169782e-02, -3.6690798950348318e-03, -2.0440870923495360e-03, 0.0000000000000000e+00, 1.4659705446793548e-03],
        [-1.6352696738899621e-06, 6.5081459569931543e-01, -1.1626279903046411e-07, -2.5825423263962145e-08, -8.2678410746177856e-07, -4.2025362776324063e-07, -5.1984338026270921e-04, 0.0000000000000000e+00, -2.5565956869201733e-08],
        [3.4512393196938084e-03, -1.1626279903046411e-07, 6.5066120776082859e-01, -6.5851735529052517e-05, 7.9009830037778876e-04, 1.6276892935809009e-04, -1.4532849878863365e-04, 0.0000000000000000e+00, -6.5467234715785330e-05],
        [1.4745987656238151e-03, -2.5825423263962155e-08, -6.5851735529052517e-05, 6.5078678369747334e-01, 3.3779637835453462e-04, 6.9615407794560750e-05, -3.2281779080184912e-05, 0.0000000000000000e+00, -2.8063249144140759e-05],
        [-1.7803398189169782e-02, -8.2678410746177866e-07, 7.9009830037778876e-04, 3.3779637835453462e-04, 6.4674109908248612e-01, -8.3992574615056228e-04, -1.0334801343242954e-03, 0.0000000000000000e+00, 3.3582107059478212e-04],
        [-3.6690798950348318e-03, -4.2025362776324063e-07, 1.6276892935809009e-04, 6.9615407794560750e-05, -8.3992574615056228e-04, 6.5064168849396908e-01, -5.2531703470344842e-04, 0.0000000000000000e+00, 6.9208453952143418e-05],
        [-2.0440870923495360e-03, -5.1984338026270921e-04, -1.4532849878863365e-04, -3.2281779080184918e-05, -1.0334801343242954e-03, -5.2531703470344842e-04, 1.0107862456329479e-03, 0.0000000000000000e+00, -3.1957446086733008e-05],
        [0.0000000000000000e+00, 0.0000000000000000e+00, 0.0000000000000000e+00, 0.0000000000000000e+00, 0.0000000000000000e+00, 0.0000000000000000e+00, 0.0000000000000000e+00, 6.5081501157401966e-01, 0.0000000000000000e+00],
        [1.4659705446793548e-03, -2.5565956869201733e-08, -6.5467234715785330e-05, -2.8063249144140755e-05, 3.3582107059478212e-04, 6.9208453952143418e-05, -3.1957446086733022e-05, 0.0000000000000000e+00, 6.5078711199104466e-01]
      ]
    },
    "2104": {
      "theta_mean": [-8.5026961338733713e+00, 7.9718136385957496e+02, -6.3247673074595641e+00, -2.6812488507921004e+00, 3.2861517720637302e+01, 6.7619517912586007e+00, -6.6694024193991364e-01, 0.0000000000000000e+00, -2.6654369725807170e+00],
      "theta_cov": [
        [5.2036329870183984e-01, -1.4815797772103779e-06, 1.7330360854800582e-03, 7.5126545850438635e-04, -8.7209786517610868e-03, -1.8013528588242706e-03, -1.8519747215194197e-03, 0.0000000000000000e+00, 7.4693275717220228e-04],
        [-1.4815797772103779e-06, 5.5813478898797508e-01, -9.6115122971902376e-08, -2.0605748251333133e-08, -7.2708982295264114e-07, -3.6407487124194982e-07, -4.4570037522493607e-04, 0.0000000000000000e+00, -2.0392202466416856e-08],
        [1.7330360854800582e-03, -9.6115122971902376e-08, 5.5805528003089933e-01, -3.4670998250346004e-05, 4.0030245310593597e-04, 8.2607285638631702e-05, -1.2014390371456471e-04, 0.0000000000000000e+00, -3.4471341665540778e-05],
        [7.5126545850438635e-04, -2.0605748251333133e-08, -3.4670998250346004e-05, 5.5812008024004656e-01, 1.7362689106869661e-04, 3.5847369140491690e-05, -2.5757185314026712e-05, 0.0000000000000000e+00, -1.4978632278292304e-05],
        [-8.7209786517610868e-03, -7.2708982295264114e-07, 4.0030245310593597e-04, 1.7362689106869661e-04, 5.5612074415276191e-01, -4.1634080498511021e-04, -9.0886227869231096e-04, 0.0000000000000000e+00, 1.7262608040419491e-04],
        [-1.8013528588242706e-03, -3.6407487124194982e-07, 8.2607285638631702e-05, 3.5847369140491690e-05, -4.1634080498511021e-04, 5.5804896532293591e-01, -4.5509358905275075e-04, 0.0000000000000000e+00, 3.5640823620779729e-05],
        [-1.8519747215194197e-03, -4.4570037522493607e-04, -1.2014390371456471e-04, -2.5757185314026712e-05, -9.0886227869231096e-04, -4.5509358905275075e-04, 1.0096765171050573e-03, 0.0000000000000000e+00, -2.5490253082882167e-05],
        [0.0000000000000000e+00, 0.0000000000000000e+00, 0.0000000000000000e+00, 0.0000000000000000e+00, 0.0000000000000000e+00, 0.0000000000000000e+00, 0.0000000000000000e+00, 5.5813514554827504e-01, 0.0000000000000000e+00],
        [7.4693275717220228e-04, -2.0392202466416856e-08, -3.4471341665540792e-05, -1.4978632278292304e-05, 1.7262608040419491e-04, 3.5640823620779729e-05, -2.5490253082882167e-05, 0.0000000000000000e+00, 5.5812025309282121e-01]
      ]
    },
    "2105": {
      "theta_mean": [-1.5948137596862907e+01, 7.9718129020328706e+02, -8.0837581409152488e+00, -3.6139563706188951e+00, 3.8541339458032759e+01, 7.9967739095017292e+00, -6.5043984673023003e-01, 0.0000000000000000e+00, -3.5937470143071173e+00],
      "theta_cov": [
        [9.6820338098471976e-03, 6.1278482462130703e-09, 4.9016791863194025e-03, 2.1913839024721373e-03, -2.3370997942345935e-02, -4.8493314150965207e-03, 7.6598087652267417e-06, 0.0000000000000000e+00, 2.1791297049665757e-03],
        [6.1278482462130670e-09, 1.0895403845729276e-01, -3.3392798824204538e-08, -1.0550340845007082e-08, -7.2546300225810946e-08, -5.6750615260088834e-08, -8.7162580504457712e-05, 0.0000000000000000e+00, -1.0472090385775667e-08],
        [4.9016791863194025e-03, -3.3392798824204538e-08, 1.0870971347024369e-01, -1.0978222900531963e-04, 1.1567449421516448e-03, 2.4020189222605042e-04, -4.1741075528315487e-05, 0.0000000000000000e+00, -1.0917124471467970e-04],
        [2.1913839024721377e-03, -1.0550340845007082e-08, -1.0978222900531963e-04, 1.0890467837191925e-01, 5.1777284107689303e-04, 1.0756526419497496e-04, -1.3187940516685980e-05, 0.0000000000000000e+00, -4.9155360604599796e-05],
        [-2.3370997942345935e-02, -7.2546300225810946e-08, 1.1567449421516448e-03, 5.1777284107689303e-04, 1.0344858976282931e-01, -1.1426479920319331e-03, -9.0682948579595010e-05, 0.0000000000000000e+00, 5.1488097328434039e-04],
        [-4.8493314150965215e-03, -5.6750615260088828e-08, 2.4020189222605042e-04, 1.0756526419497494e-04, -1.1426479920319331e-03, 1.0871691352425718e-01, -7.0938173827892609e-05, 0.0000000000000000e+00, 1.0696475521250988e-04],
        [7.6598087652267349e-06, -8.7162580504457726e-05, -4.1741075528315487e-05, -1.3187940516685977e-05, -9.0682948579595010e-05, -7.0938173827892609e-05, 8.8255685244723064e-07, 0.0000000000000000e+00, -1.3090125021414613e-05],
        [0.0000000000000000e+00, 0.0000000000000000e+00, 0.0000000000000000e+00, 0.0000000000000000e+00, 0.0000000000000000e+00, 0.0000000000000000e+00, 0.0000000000000000e+00, 1.0895410818730651e-01, 0.0000000000000000e+00],
        [2.1791297049665761e-03, -1.0472090385775667e-08, -1.0917124471467969e-04, -4.9155360604599789e-05, 5.1488097328434028e-04, 1.0696475521250987e-04, -1.3090125021414614e-05, 0.0000000000000000e+00, 1.0890522575402901e-01]
      ]
    },
    "2106": {
      "theta_mean": [-1.0730749441580242e+02, 1.4819137128212835e+03, -1.0448226419050673e+01, -4.6223564069567775e+00, 5.0587178367564206e+01, 1.0477069937942378e+01, -8.8830979915424135e-01, 0.0000000000000000e+00, -4.5962358942529118e+00],
      "theta_cov": [
        [3.6174042928611212e-02, -8.0161497398304288e-08, 3.5208830354314558e-03, 1.5576790413990998e-03, -1.7048125909867023e-02, -3.5310151334964320e-03, -1.0020202627187340e-04, 0.0000000000000000e+00, 1.5488768277864382e-03],
        [-8.0161497398304288e-08, 1.0895403845756764e-01, -2.8888309443057103e-08, -8.4815522057931667e-09, -9.3149846093494022e-08, -6.1046849384744810e-08, -8.7162229157304260e-05, 0.0000000000000000e+00, -8.4145670963931854e-09],
        [3.5208830354314553e-03, -2.8888309443057106e-08, 1.0878374944302420e-01, -7.5369617244738343e-05, 8.2471902443547146e-04, 1.7079768333156712e-04, -3.6110386649979061e-05, 0.0000000000000000e+00, -7.4943722553957547e-05],
        [1.5576790413990998e-03, -8.4815522057931683e-09, -7.5369617244738356e-05, 1.0892076246123111e-01, 3.6487334616024651e-04, 7.5567377310505773e-05, -1.0601951802473307e-05, 0.0000000000000000e+00, -3.3157302669344877e-05],
        [-1.7048125909867026e-02, -9.3149846093494022e-08, 8.2471902443547157e-04, 3.6487334616024651e-04, 1.0496062711524219e-01, -8.2717743110920900e-04, -1.1643698982255813e-04, 0.0000000000000000e+00, 3.6281154160990785e-04],
        [-3.5310151334964320e-03, -6.1046849384744810e-08, 1.7079768333156715e-04, 7.5567377310505759e-05, -8.2717743110920900e-04, 1.0878274823312782e-01, -7.6308627527235106e-05, 0.0000000000000000e+00, 7.5140378517827652e-05],
        [-1.0020202627187340e-04, -8.7162229157304247e-05, -3.6110386649979054e-05, -1.0601951802473307e-05, -1.1643698982255814e-04, -7.6308627527235106e-05, 1.3217407956739666e-06, 0.0000000000000000e+00, -1.0518213002976212e-05],
        [0.0000000000000000e+00, 0.0000000000000000e+00, 0.0000000000000000e+00, 0.0000000000000000e+00, 0.0000000000000000e+00, 0.0000000000000000e+00, 0.0000000000000000e+00, 1.0895410818730651e-01, 0.0000000000000000e+00],
        [1.5488768277864379e-03, -8.4145670963931854e-09, -7.4943722553957547e-05, -3.3157302669344883e-05, 3.6281154160990785e-04, 7.5140378517827666e-05, -1.0518213002976212e-05, 0.0000000000000000e+00, 1.0892113824331143e-01]
      ]
    },
    "2107": {
      "theta_mean": [-1.3402423552727184e+01, 7.9718128473146203e+02, -7.4450142786288254e+00, -3.2132727080560621e+00, 3.7436978313123412e+01, 7.7226417693275238e+00, -6.5727647752260909e-01, 0.0000000000000000e+00, -3.1946602117368332e+00],
      "theta_cov": [
        [8.3410341454537556e-03, 9.6804463417146849e-09, 4.6270503221481950e-03, 1.9970636901718523e-03, -2.3267898595809779e-02, -4.7999834343548870e-03, 1.2100488432928154e-05, 0.0000000000000000e+00, 1.9854960650917187e-03],
        [9.6804463417146849e-09, 1.0895403845695130e-01, -3.2459871620490355e-08, -9.9004766378843020e-09, -7.3071790419213507e-08, -5.6950410511819574e-08, -8.7162591636978263e-05, 0.0000000000000000e+00, -9.8245487896400331e-09],
        [4.6270503221481959e-03, -3.2459871620490355e-08, 1.0873750562621126e-01, -9.4297538053445435e-05, 1.0748101705805118e-03, 2.2200521050838926e-04, -4.0574852180737124e-05, 0.0000000000000000e+00, -9.3756034079568758e-05],
        [1.9970636901718523e-03, -9.9004766378843020e-09, -9.4297538053445421e-05, 1.0891288479738802e-01, 4.6492349953892125e-04, 9.6097659247596832e-05, -1.2375592097449462e-05, 0.0000000000000000e+00, -4.0987646814152978e-05],
        [-2.3267898595809782e-02, -7.3071790419213520e-08, 1.0748101705805118e-03, 4.6492349953892114e-04, 1.0356702701434042e-01, -1.1117351957819028e-03, -9.1339449879885231e-05, 0.0000000000000000e+00, 4.6223646864258880e-04],
        [-4.7999834343548861e-03, -5.6950410511819574e-08, 2.2200521050838920e-04, 9.6097659247596818e-05, -1.1117351957819028e-03, 1.0872462995291231e-01, -7.1188090113366635e-05, 0.0000000000000000e+00, 9.5542641950687799e-05],
        [1.2100488432928152e-05, -8.7162591636978263e-05, -4.0574852180737124e-05, -1.2375592097449464e-05, -9.1339449879885231e-05, -7.1188090113366635e-05, 8.6864063025555612e-07, 0.0000000000000000e+00, -1.2280692161393614e-05],
        [0.0000000000000000e+00, 0.0000000000000000e+00, 0.0000000000000000e+00, 0.0000000000000000e+00, 0.0000000000000000e+00, 0.0000000000000000e+00, 0.0000000000000000e+00, 1.0895410818730651e-01, 0.0000000000000000e+00],
        [1.9854960650917187e-03, -9.8245487896400347e-09, -9.3756034079568745e-05, -4.0987646814152978e-05, 4.6223646864258875e-04, 9.5542641950687799e-05, -1.2280692161393616e-05, 0.0000000000000000e+00, 1.0891335492984171e-01]
      ]
    },
    "2108": {
      "theta_mean": [-1.3821244656559008e+01, 7.9718128866182849e+02, -7.1355478977210804e+00, -3.0977006337413124e+00, 3.5561671826316633e+01, 7.3424089422154237e+00, -6.5236506574945197e-01, 0.0000000000000000e+00, -3.0798618031266618e+00],
      "theta_cov": [
        [9.0204427201871443e-03, 7.5934065795507365e-09, 4.6511277522737829e-03, 2.0191930093543219e-03, -2.3180851480408812e-02, -4.7863493935322680e-03, 9.4918087819698340e-06, 0.0000000000000000e+00, 2.0075651905420216e-03],
        [7.5934065795507382e-09, 1.0895403845710595e-01, -3.2543764666348161e-08, -9.9748513764697711e-09, -7.3326447103533536e-08, -5.6989119103617292e-08, -8.7162583662411035e-05, 0.0000000000000000e+00, -9.8987202812814570e-09],
        [4.6511277522737829e-03, -3.2543764666348161e-08, 1.0873535731748028e-01, -9.5452422995689413e-05, 1.0816767690075874e-03, 2.2350586278490871e-04, -4.0679633175581046e-05, 0.0000000000000000e+00, -9.4905548265651304e-05],
        [2.0191930093543210e-03, -9.9748513764697694e-09, -9.5452422995689413e-05, 1.0891235283309907e-01, 4.7020184875434524e-04, 9.7199061580551451e-05, -1.2468538453840360e-05, 0.0000000000000000e+00, -4.1516723899629605e-05],
        [-2.3180851480408809e-02, -7.3326447103533536e-08, 1.0816767690075874e-03, 4.7020184875434524e-04, 1.0357341484408129e-01, -1.1112703231532387e-03, -9.1658171930565998e-05, 0.0000000000000000e+00, 4.6749765132960845e-04],
        [-4.7863493935322680e-03, -5.6989119103617292e-08, 2.2350586278490871e-04, 9.7199061580551451e-05, -1.1112703231532387e-03, 1.0872455864851890e-01, -7.1236261335291535e-05, 0.0000000000000000e+00, 9.6640292644176940e-05],
        [9.4918087819698340e-06, -8.7162583662411035e-05, -4.0679633175581053e-05, -1.2468538453840363e-05, -9.1658171930565985e-05, -7.1236261335291522e-05, 8.7860903598145771e-07, 0.0000000000000000e+00, -1.2373376564663212e-05],
        [0.0000000000000000e+00, 0.0000000000000000e+00, 0.0000000000000000e+00, 0.0000000000000000e+00, 0.0000000000000000e+00, 0.0000000000000000e+00, 0.0000000000000000e+00, 1.0895410818730651e-01, 0.0000000000000000e+00],
        [2.0075651905420212e-03, -9.8987202812814570e-09, -9.4905548265651304e-05, -4.1516723899629605e-05, 4.6749765132960856e-04, 9.6640292644176954e-05, -1.2373376564663212e-05, 0.0000000000000000e+00, 1.0891282872653338e-01]
      ]
    },
    "2109": {
      "theta_mean": [-1.5886410923144451e+01, 7.9718129350896686e+02, -7.4525117968715948e+00, -3.2910104063465151e+00, 3.6194863046628193e+01, 7.4939672856497044e+00, -6.4630773559985988e-01, 0.0000000000000000e+00, -3.2723791656780712e+00],
      "theta_cov": [
        [1.0157143444148996e-02, 4.3446044231317400e-09, 4.7594395603219675e-03, 2.1017890076250705e-03, -2.3116213957585108e-02, -4.7862976802335354e-03, 5.4308527824537267e-06, 0.0000000000000000e+00, 2.0898904090497369e-03],
        [4.3446044231317400e-09, 1.0895403845728116e-01, -3.2919458225056329e-08, -1.0254343289847932e-08, -7.3429201939412905e-08, -5.6966757664897062e-08, -8.7162572295893987e-05, 0.0000000000000000e+00, -1.0177280665615635e-08],
        [4.7594395603219692e-03, -3.2919458225056329e-08, 1.0872310649116829e-01, -1.0238526566458755e-04, 1.1156345993958842e-03, 2.3112105852746571e-04, -4.1149427211579611e-05, 0.0000000000000000e+00, -1.0180776389176597e-04],
        [2.1017890076250709e-03, -1.0254343289847932e-08, -1.0238526566458755e-04, 1.0890864613499766e-01, 4.9312993810611127e-04, 1.0219388347657371e-04, -1.2817949306041161e-05, 0.0000000000000000e+00, -4.5206089913130368e-05],
        [-2.3116213957585112e-02, -7.3429201939412918e-08, 1.1156345993958840e-03, 4.9312993810611127e-04, 1.0354285365949785e-01, -1.1206401195335218e-03, -9.1787067322569673e-05, 0.0000000000000000e+00, 4.9034084610298338e-04],
        [-4.7862976802335354e-03, -5.6966757664897056e-08, 2.3112105852746571e-04, 1.0219388347657371e-04, -1.1206401195335218e-03, 1.0872199274521642e-01, -7.1208514986992612e-05, 0.0000000000000000e+00, 1.0161607655416432e-04],
        [5.4308527824537403e-06, -8.7162572295893987e-05, -4.1149427211579611e-05, -1.2817949306041160e-05, -9.1787067322569673e-05, -7.1208514986992639e-05, 8.9281815907085501e-07, 0.0000000000000000e+00, -1.2721612930929694e-05],
        [0.0000000000000000e+00, 0.0000000000000000e+00, 0.0000000000000000e+00, 0.0000000000000000e+00, 0.0000000000000000e+00, 0.0000000000000000e+00, 0.0000000000000000e+00, 1.0895410818730651e-01, 0.0000000000000000e+00],
        [2.0898904090497373e-03, -1.0177280665615636e-08, -1.0180776389176596e-04, -4.5206089913130368e-05, 4.9034084610298338e-04, 1.0161607655416430e-04, -1.2721612930929692e-05, 0.0000000000000000e+00, 1.0890915661603964e-01]
      ]
    },
    "2110": {
      "theta_mean": [-2.3165464953814997e+01, 7.9718130587017458e+02, -9.4763296320238801e+00, -4.5764804078112613e+00, 4.0211677881437097e+01, 8.4745046116621889e+00, -6.3085562419150298e-01, 0.0000000000000000e+00, -4.5527896216864017e+00],
      "theta_cov": [
        [1.3475276189029268e-02, -3.2311590214428925e-09, 5.5075923713804919e-03, 2.6598557541301238e-03, -2.3371649283274211e-02, -4.9256919952287851e-03, -4.0389446785444635e-06, 0.0000000000000000e+00, 2.6460867729566359e-03],
        [-3.2311590214428921e-09, 1.0895403845724613e-01, -3.5405317389428980e-08, -1.2065804283400200e-08, -7.1959973685233771e-08, -5.6391415490414985e-08, -8.7162553551866512e-05, 0.0000000000000000e+00, -1.1982535571167450e-08],
        [5.5075923713804919e-03, -3.5405317389428980e-08, 1.0863536128192787e-01, -1.5418224359061740e-04, 1.3492238046912478e-03, 2.8443891817216881e-04, -4.4256649921485042e-05, 0.0000000000000000e+00, -1.5338537899009318e-04],
        [2.6598557541301238e-03, -1.2065804283400200e-08, -1.5418224359061737e-04, 1.0887946815068894e-01, 6.5186713958415173e-04, 1.3745258159021231e-04, -1.5082284257304356e-05, 0.0000000000000000e+00, -7.4254581917303336e-05],
        [-2.3371649283274214e-02, -7.1959973685233758e-08, 1.3492238046912475e-03, 6.5186713958415184e-04, 1.0323188120643591e-01, -1.2061406827730313e-03, -8.9950192446869846e-05, 0.0000000000000000e+00, 6.4849407465802044e-04],
        [-4.9256919952287842e-03, -5.6391415490414999e-08, 2.8443891817216875e-04, 1.3745258159021231e-04, -1.2061406827730313e-03, 1.0869984087627171e-01, -7.0489150431866964e-05, 0.0000000000000000e+00, 1.3674148005418218e-04],
        [-4.0389446785444551e-06, -8.7162553551866525e-05, -4.4256649921485042e-05, -1.5082284257304351e-05, -8.9950192446869859e-05, -7.0489150431866950e-05, 9.1624771449215439e-07, 0.0000000000000000e+00, -1.4978179823956715e-05],
        [0.0000000000000000e+00, 0.0000000000000000e+00, 0.0000000000000000e+00, 0.0000000000000000e+00, 0.0000000000000000e+00, 0.0000000000000000e+00, 0.0000000000000000e+00, 1.0895410818730651e-01, 0.0000000000000000e+00],
        [2.6460867729566355e-03, -1.1982535571167450e-08, -1.5338537899009318e-04, -7.4254581917303336e-05, 6.4849407465802054e-04, 1.3674148005418221e-04, -1.4978179823956716e-05, 0.0000000000000000e+00, 1.0888023706793436e-01]
      ]
    },
    "2201": {
      "theta_mean": [-3.1794896547864926e+02, 7.9718178943029704e+02, -1.9396404664460096e+00, -1.6087227977534242e+00, 3.6458683319971255e+00, 9.4769765903261494e-01, -2.6403697184077111e-02, 0.0000000000000000e+00, -1.6038736977717918e+00],
      "theta_cov": [
        [1.0519974691193078e-01, -1.6181713656304198e-07, 6.4162583622497040e-04, 5.3219255787646542e-04, -1.2064428623681945e-03, -3.1368495796931688e-04, -2.0227293211821164e-04, 0.0000000000000000e+00, 5.3058848095807103e-04],
        [-1.6181713656304193e-07, 1.0895403845781115e-01, -3.2089831745862135e-08, -1.2960708363231161e-08, -1.0623379743570742e-07, -6.2848106630263950e-08, -8.7162230246024317e-05, 0.0000000000000000e+00, -1.2885737974583132e-08],
        [6.4162583622497029e-04, -3.2089831745862128e-08, 1.0884440213413721e-01, -9.0983327894798125e-05, 2.0613640774697263e-04, 5.3566965472924578e-05, -4.0112598441820863e-05, 0.0000000000000000e+00, -9.0709065179388784e-05],
        [5.3219255787646542e-04, -1.2960708363231161e-08, -9.0983327894798125e-05, 1.0887864963047530e-01, 1.7098919552463468e-04, 4.4440454327418848e-05, -1.6201029272394919e-05, 0.0000000000000000e+00, -7.5231099477409205e-05],
        [-1.2064428623681945e-03, -1.0623379743570744e-07, 2.0613640774697263e-04, 1.7098919552463470e-04, 1.0856638236511543e-01, -1.0083927332748086e-04, -1.3279151757979103e-04, 0.0000000000000000e+00, 1.7047384642362041e-04],
        [-3.1368495796931688e-04, -6.2848106630263950e-08, 5.3566965472924578e-05, 4.4440454327418854e-05, -1.0083927332748086e-04, 1.0892786423157015e-01, -7.8560597888942938e-05, 0.0000000000000000e+00, 4.4306532147809663e-05],
        [-2.0227293211821167e-04, -8.7162230246024317e-05, -4.0112598441820856e-05, -1.6201029272394919e-05, -1.3279151757979101e-04, -7.8560597888942951e-05, 1.3203825659879664e-06, 0.0000000000000000e+00, -1.6107284942983844e-05],
        [0.0000000000000000e+00, 0.0000000000000000e+00, 0.0000000000000000e+00, 0.0000000000000000e+00, 0.0000000000000000e+00, 0.0000000000000000e+00, 0.0000000000000000e+00, 1.0895410818730651e-01, 0.0000000000000000e+00],
        [5.3058848095807124e-04, -1.2885737974583132e-08, -9.0709065179388784e-05, -7.5231099477409205e-05, 1.7047384642362044e-04, 4.4306532147809663e-05, -1.6107284942983844e-05, 0.0000000000000000e+00, 1.0887910385951396e-01]
      ]
    },
    "2202": {
      "theta_mean": [-1.2585029839734077e+03, 7.9718182938478867e+02, -1.7402272111001986e+00, -5.5017490771695439e+00, 4.3831335551587092e-01, 2.5480467203011592e-01, 2.3470260186172612e-02, 0.0000000000000000e+00, -5.4973984998028964e+00],
      "theta_cov": [
        [1.0889372800989022e-01, -4.5771023508886500e-08, 1.5049021105537891e-04, 4.7589088636596036e-04, -3.7957189357821547e-05, -2.2072553202961821e-05, -5.7211500310471049e-05, 0.0000000000000000e+00, 4.7551465083988504e-04],
        [-4.5771023508886493e-08, 1.0895403846227998e-01, -1.0816542568217320e-07, -1.6143818944784264e-07, -5.6502550880945581e-08, -4.3750348291913252e-08, -8.7161871819859294e-05, 0.0000000000000000e+00, -1.6118229207463352e-07],
        [1.5049021105537888e-04, -1.0816542568217320e-07, 1.0857832105462169e-01, -1.1877649295990566e-03, 9.4515204949125907e-05, 5.4926979662167356e-05, -1.3522685240022390e-04, 0.0000000000000000e+00, -1.1868254945295858e-03],
        [4.7589088636596047e-04, -1.6143818944784267e-07, -1.1877649295990568e-03, 1.0519942644296248e-01, 2.9895460892465558e-04, 1.7376402699351072e-04, -2.0179970587761836e-04, 0.0000000000000000e+00, -3.7517123762578811e-03],
        [-3.7957189357821553e-05, -5.6502550880945581e-08, 9.4515204949125920e-05, 2.9895460892465575e-04, 1.0893023587123436e-01, -1.3886365911224708e-05, -7.0630207781251941e-05, 0.0000000000000000e+00, 2.9871830231812372e-04],
        [-2.2072553202961821e-05, -4.3750348291913252e-08, 5.4926979662167363e-05, 1.7376402699351075e-04, -1.3886365911224708e-05, 1.0894602888032549e-01, -5.4687723847129974e-05, 0.0000000000000000e+00, 1.7362671899451374e-04],
        [-5.7211500310471056e-05, -8.7161871819859294e-05, -1.3522685240022393e-04, -2.0179970587761836e-04, -7.0630207781251927e-05, -5.4687723847129968e-05, 1.7684274197461544e-06, 0.0000000000000000e+00, -2.0146817573423159e-04],
        [0.0000000000000000e+00, 0.0000000000000000e+00, 0.0000000000000000e+00, 0.0000000000000000e+00, 0.0000000000000000e+00, 0.0000000000000000e+00, 0.0000000000000000e+00, 1.0895410818730651e-01, 0.0000000000000000e+00],
        [4.7551465083988504e-04, -1.6118229207463352e-07, -1.1868254945295858e-03, -3.7517123762578816e-03, 2.9871830231812372e-04, 1.7362671899451371e-04, -2.0146817573423159e-04, 0.0000000000000000e+00, 1.0520536284104541e-01]
      ]
    },
    "2203": {
      "theta_mean": [-2.1658937058684981e+02, 5.3823753944275984e+02, -9.9417509830866213e-01, -8.2422025101663876e-01, 1.8698753421877394e+00, 4.8594513350185498e-01, -1.3395649216813516e-02, 0.0000000000000000e+00, -8.2173481377037105e-01],
      "theta_cov": [
        [1.0610250886095358e-01, -1.6349787690380258e-07, 4.8690381256134895e-04, 4.0370032500566556e-04, -9.1618692490693439e-04, -2.3818488608964001e-04, -2.0437291992707318e-04, 0.0000000000000000e+00, 4.0248305300927170e-04],
        [-1.6349787690380258e-07, 1.0895403845756317e-01, -3.1802278698272692e-08, -1.2721655123940146e-08, -1.0677275933095944e-07, -6.2988474369002062e-08, -8.7162226338443014e-05, 0.0000000000000000e+00, -1.2647401307052573e-08],
        [4.8690381256134905e-04, -3.1802278698272685e-08, 1.0887091934291432e-01, -6.8961622201448112e-05, 1.5639029003984410e-04, 4.0627253740296382e-05, -3.9752698939534669e-05, 0.0000000000000000e+00, -6.8753652515256505e-05],
        [4.0370032500566561e-04, -1.2721655123940146e-08, -6.8961622201448112e-05, 1.0889693792917231e-01, 1.2967650025158824e-04, 3.3694412626144569e-05, -1.5902147914413032e-05, 0.0000000000000000e+00, -5.6997855038026008e-05],
        [-9.1618692490693428e-04, -1.0677275933095944e-07, 1.5639029003984410e-04, 1.2967650025158824e-04, 1.0865970538614823e-01, -7.6564519500417003e-05, -1.3346669984685177e-04, 0.0000000000000000e+00, 1.2928551639394356e-04],
        [-2.3818488608964007e-04, -6.2988474369002075e-08, 4.0627253740296389e-05, 3.3694412626144563e-05, -7.6564519500417003e-05, 1.0893417846516035e-01, -7.8736221742570404e-05, 0.0000000000000000e+00, 3.3592839700195267e-05],
        [-2.0437291992707318e-04, -8.7162226338443014e-05, -3.9752698939534669e-05, -1.5902147914413036e-05, -1.3346669984685180e-04, -7.8736221742570404e-05, 1.3252667578462167e-06, 0.0000000000000000e+00, -1.5809303333409748e-05],
        [0.0000000000000000e+00, 0.0000000000000000e+00, 0.0000000000000000e+00, 0.0000000000000000e+00, 0.0000000000000000e+00, 0.0000000000000000e+00, 0.0000000000000000e+00, 1.0895410818730651e-01, 0.0000000000000000e+00],
        [4.0248305300927159e-04, -1.2647401307052571e-08, -6.8753652515256505e-05, -5.6997855038026008e-05, 1.2928551639394354e-04, 3.3592839700195267e-05, -1.5809303333409748e-05, 0.0000000000000000e+00, 1.0889728221544447e-01]
      ]
    },
    "2204": {
      "theta_mean": [-3.2008530085588217e+02, 7.9718179261677699e+02, -1.6570897355798255e+00, -1.3757274191739519e+00, 3.1101723387481615e+00, 8.0886762815534063e-01, -2.2421084785284238e-02, 0.0000000000000000e+00, -1.3715846973699606e+00],
      "theta_cov": [
        [1.0575737374321903e-01, -1.6264342053618432e-07, 5.4738265334828542e-04, 4.5447395582053253e-04, -1.0277785160791027e-03, -2.6738118860128386e-04, -2.0330376415702507e-04, 0.0000000000000000e+00, 4.5310548750862741e-04],
        [-1.6264342053618432e-07, 1.0895403845719695e-01, -3.1950916034055786e-08, -1.2846449201212814e-08, -1.0649756024389245e-07, -6.2916346813346742e-08, -8.7162228807436136e-05, 0.0000000000000000e+00, -1.2771749256206578e-08],
        [5.4738265334828532e-04, -3.1950916034055786e-08, 1.0886032754181102e-01, -7.7851286237629597e-05, 1.7594190417204048e-04, 4.5741878215844266e-05, -3.9938879495342801e-05, 0.0000000000000000e+00, -7.7616836978897766e-05],
        [4.5447395582053258e-04, -1.2846449201212814e-08, -7.7851286237629611e-05, 1.0888947784913484e-01, 1.4608946406327006e-04, 3.7987668200532328e-05, -1.6057979280317213e-05, 0.0000000000000000e+00, -6.4435710894664196e-05],
        [-1.0277785160791027e-03, -1.0649756024389247e-07, 1.7594190417204050e-04, 1.4608946406327009e-04, 1.0862362611754778e-01, -8.6003768554588673e-05, -1.3312156271758833e-04, 0.0000000000000000e+00, 1.4564960155367439e-04],
        [-2.6738118860128381e-04, -6.2916346813346742e-08, 4.5741878215844266e-05, 3.7987668200532328e-05, -8.6003768554588673e-05, 1.0893170901707171e-01, -7.8646070393394393e-05, 0.0000000000000000e+00, 3.7873308907008169e-05],
        [-2.0330376415702507e-04, -8.7162228807436136e-05, -3.9938879495342801e-05, -1.6057979280317216e-05, -1.3312156271758833e-04, -7.8646070393394393e-05, 1.3221767468043162e-06, 0.0000000000000000e+00, -1.5964669250188777e-05],
        [0.0000000000000000e+00, 0.0000000000000000e+00, 0.0000000000000000e+00, 0.0000000000000000e+00, 0.0000000000000000e+00, 0.0000000000000000e+00, 0.0000000000000000e+00, 1.0895410818730651e-01, 0.0000000000000000e+00],
        [4.5310548750862736e-04, -1.2771749256206576e-08, -7.7616836978897766e-05, -6.4435710894664196e-05, 1.4564960155367439e-04, 3.7873308907008169e-05, -1.5964669250188774e-05, 0.0000000000000000e+00, 1.0888986651755074e-01]
      ]
    }
  }
}
